1100000000
1111000000
1111051500
1111053000
1111054000
1111055000
1111056000
1111057000
1111058000
1111060000
1111061500
1111063000
1111064000
1111065000
1111067000
1111068000
1111069000
1111070000
1111071000
1114000000
1114052000
1114054000
1114055000
1114057000
1114058000
1114059000
1114060500
1114061500
1114062500
1114063500
1114064500
1114065000
1114066500
1114067000
1114068000
1117000000
1117051000
1117052000
1117053000
1117055500
1117056000
1117057000
1117058000
1117059000
1117062500
1117063000
1117064000
1117065000
1117066000
1117068500
1117069000
1117070000
1120000000
1120052000
1120053500
1120054000
1120055000
1120056000
1120057000
1120058000
1120059000
1120061500
1120062000
1120064500
1120065000
1120066000
1120067000
1120069000
1120072000
1120079000
1121500000
1121571000
1121573000
1121574000
1121575000
1121576000
1121577000
1121578000
1121581000
1121582000
1121583000
1121584000
1121584700
1121585000
1121586000
1121587000
1123000000
1123053600
1123054500
1123056000
1123057000
1123060000
1123061000
1123065000
1123066000
1123070500
1123071000
1123072000
1123073000
1123074000
1123075000
1126000000
1126052000
1126054000
1126055000
1126056500
1126057000
1126057500
1126058000
1126059000
1126060000
1126061000
1126062000
1126063000
1126065500
1126066000
1126068000
1126069000
1129000000
1129052500
1129055500
1129057500
1129058000
1129059000
1129060000
1129061000
1129062000
1129063000
1129064000
1129065000
1129066000
1129068500
1129070500
1129071500
1129072500
1129076000
1129077000
1129078000
1129081000
1130500000
1130553400
1130553500
1130554500
1130555500
1130557500
1130559500
1130560300
1130560800
1130561500
1130562500
1130563500
1130564500
1130566000
1132000000
1132051100
1132051200
1132051300
1132051400
1132051500
1132052100
1132052200
1132066000
1132067000
1132068000
1132068100
1132069000
1132070000
1132071000
1135000000
1135056000
1135057000
1135058000
1135059500
1135060000
1135061100
1135061200
1135061900
1135062100
1135062400
1135062500
1135063000
1135064000
1135066500
1135067000
1135069500
1135070000
1135071000
1135072000
1138000000
1138051000
1138052000
1138053000
1138055100
1138055200
1138056000
1138057000
1138058000
1138059000
1138060000
1138062500
1138063100
1138063200
1138064000
1138065000
1138069000
1141000000
1141052000
1141055500
1141056500
1141058500
1141061500
1141062000
1141064000
1141065500
1141066000
1141068500
1141069000
1141070000
1141071000
1141072000
1144000000
1144055500
1144056500
1144058500
1144059000
1144060000
1144061000
1144063000
1144065500
1144066000
1144068000
1144069000
1144070000
1144071000
1144072000
1144073000
1144074000
1147000000
1147051000
1147052000
1147053000
1147054000
1147055000
1147056000
1147057000
1147058000
1147059000
1147060000
1147061000
1147061100
1147062000
1147063000
1147064000
1147065000
1147067000
1147068000
1150000000
1150051000
1150052000
1150053000
1150053500
1150054000
1150055000
1150056000
1150057000
1150059000
1150059100
1150059300
1150060300
1150060400
1150060500
1150061100
1150061500
1150062000
1150063000
1150064000
1150064100
1153000000
1153051000
1153052000
1153053000
1153054000
1153055000
1153056000
1153059500
1153072000
1153073000
1153074000
1153075000
1153076000
1153077000
1153078000
1153079000
1153080000
1154500000
1154551000
1154561000
1154562000
1154563000
1154564000
1154567000
1154568000
1154569000
1154570000
1154571000
1156000000
1156051500
1156053500
1156054000
1156055000
1156056000
1156058500
1156060500
1156061000
1156062000
1156063000
1156065000
1156066000
1156067000
1156068000
1156069000
1156070000
1156071000
1156072000
1159000000
1159051000
1159052000
1159053000
1159054000
1159055000
1159056000
1159060500
1159062000
1159063000
1159064000
1159065000
1159065100
1159066000
1159067000
1159068000
1162000000
1162052500
1162054500
1162056500
1162057500
1162058500
1162059500
1162060500
1162061500
1162062500
1162063000
1162064500
1162065500
1162066500
1162068500
1162069500
1162071500
1162072500
1162073500
1162074500
1162076500
1162077500
1165000000
1165051000
1165052000
1165053000
1165053100
1165054000
1165055000
1165056000
1165057000
1165058000
1165058100
1165059000
1165060000
1165061000
1165062000
1165062100
1165065100
1165065200
1165066000
1168000000
1168051000
1168052100
1168053100
1168054500
1168056500
1168058000
1168059000
1168060000
1168061000
1168063000
1168064000
1168065000
1168065500
1168065600
1168066000
1168067000
1168069000
1168070000
1168072000
1168073000
1168075000
1171000000
1171051000
1171052000
1171053100
1171053200
1171054000
1171055000
1171056100
1171056200
1171056600
1171057000
1171058000
1171059000
1171060000
1171061000
1171062000
1171063100
1171063200
1171064100
1171064200
1171064600
1171064700
1171065000
1171067000
1171068000
1171069000
1171071000
1171072000
1174000000
1174051500
1174052500
1174053000
1174054000
1174055000
1174056000
1174057000
1174058000
1174059000
1174060000
1174061000
1174062000
1174064000
1174065000
1174066000
1174068500
1174070000
2600000000
2611000000
2611051000
2611052000
2611053000
2611054500
2611056000
2611057000
2611058000
2611059000
2611060000
2614000000
2614051000
2614052000
2614053000
2614054000
2614056000
2614057000
2614059000
2614061500
2614063000
2614064000
2614065000
2614066000
2614068000
2617000000
2617051000
2617052000
2617053000
2617055000
2617056000
2617057000
2617059000
2617060000
2617064500
2617065000
2617066000
2617068000
2620000000
2620053000
2620054000
2620055000
2620058500
2620059000
2620060500
2620063000
2620064000
2620065000
2620066000
2620067000
2623000000
2623051000
2623052000
2623054000
2623055000
2623056000
2623057000
2623060000
2623061000
2623064000
2623066000
2623067000
2623068000
2623070000
2623071000
2623072000
2623074000
2623075000
2623076000
2623077000
2623078000
2626000000
2626051000
2626052000
2626054500
2626055000
2626056000
2626057000
2626058000
2626059000
2626060000
2626074000
2626075000
2626076100
2626076200
2629000000
2629051000
2629053000
2629054000
2629055000
2629056000
2629057000
2629058000
2629059000
2629060000
2629061000
2629062000
2629063000
2629064500
2629068000
2629069000
2629070000
2629071000
2632000000
2632051000
2632052000
2632052100
2632053000
2632054100
2632054200
2632054300
2632055000
2632056000
2632056100
2632057100
2632057200
2632057300
2635000000
2635051000
2635052000
2635052500
2635053000
2635054000
2635055100
2635055200
2635055300
2635055400
2635056000
2635057000
2635058000
2635059000
2635059500
2635061000
2635062000
2635065000
2635066000
2638000000
2638051000
2638052000
2638053000
2638054000
2638055000
2638056100
2638056200
2638057100
2638057200
2638058000
2638059000
2638060100
2638060200
2638061000
2638062000
2638063000
2641000000
2641051000
2641052000
2641053000
2641055500
2641057000
2641058000
2641059000
2641059100
2641060000
2641061000
2641063500
2641066500
2641067000
2641068000
2641069000
2641070000
2644000000
2644051000
2644052000
2644053000
2644053500
2644054500
2644055000
2644056000
2644058000
2647000000
2647061000
2647062000
2647063000
2647064000
2647065000
2647066000
2647067000
2647068000
2647069000
2647070000
2647072000
2647073000
2650000000
2650066000
2650067000
2650073000
2650074000
2650075000
2650076000
2650077000
2650078000
2650079000
2650080000
2653000000
2653058000
2653059100
2653059300
2653060000
2653061000
2653062000
2653064500
2653065000
2653066000
2653066100
2653067000
2653068000
2671000000
2671025000
2671025300
2671025600
2671025900
2671033000
2700000000
2711000000
2711051700
2711054500
2711056500
2711057500
2711058500
2711059500
2711064000
2711065000
2711066000
2711067000
2711068000
2711069000
2714000000
2714051000
2714052000
2714053000
2714054000
2714054100
2714055500
2714057000
2714058000
2714059000
2714060000
2714061500
2714062000
2714064000
2714065500
2714067000
2714068500
2714072000
2714073000
2714074200
2714074700
2714075500
2714076000
2717000000
2717051000
2717052500
2717054000
2717055000
2717056500
2717058000
2717059000
2717060000
2717061000
2717062000
2717063000
2717064000
2717065000
2717066000
2717066100
2717067500
2717069500
2720000000
2720051500
2720053000
2720054000
2720055000
2720056000
2720057100
2720058600
2720059000
2720060000
2720061000
2720064000
2720065000
2720066000
2723000000
2723051000
2723052600
2723055000
2723056000
2723057000
2723061000
2723062000
2723063000
2723063100
2723064500
2723067100
2723067200
2723068000
2723069500
2723071500
2723072500
2723073500
2723074500
2723075000
2723077000
2723078000
2723079000
2723080000
2726000000
2726051000
2726052000
2726053000
2726054000
2726055000
2726056000
2726056100
2726057000
2726058000
2726059000
2726060100
2726060200
2726061000
2726062000
2726063000
2726064000
2726065100
2726065200
2726066100
2726066200
2726067000
2726068000
2726069000
2729000000
2729051500
2729053500
2729055000
2729055500
2729056300
2729056800
2729057100
2729057200
2729057600
2729057700
2729058500
2729059000
2729060100
2729060200
2729061500
2729061700
2729062400
2729062500
2729062600
2729062800
2729063000
2729064000
2729065000
2771000000
2771025000
2771025300
2771025600
2771025900
2771026200
2771026500
2771031000
2771033000
2771038000
2772000000
2772025000
2772031000
2772032000
2772033000
2772034000
2772035000
2772036000
2772037000
2800000000
2811000000
2811052000
2811053000
2811054000
2811056000
2811057000
2811058500
2811061500
2811062000
2811062200
2811062300
2811062800
2811063000
2814000000
2814051000
2814052500
2814053000
2814055500
2814057000
2814058000
2814059000
2814060500
2814061000
2814063000
2814064000
2817700000
2817751000
2817752000
2817753000
2817754000
2817755000
2817756000
2817757000
2817758000
2817759000
2817760000
2817761000
2817762000
2817763000
2817764000
2817765000
2817766000
2817767000
2817768000
2817769000
2817770000
2817771000
2818500000
2818563000
2818564000
2818575000
2818576100
2818576200
2818576300
2818576600
2818578000
2818579000
2818579500
2818582000
2818583000
2818584000
2818585000
2818586000
2820000000
2820051000
2820052000
2820052100
2820052200
2820053000
2820054000
2820055000
2820055100
2820056000
2820057000
2820058000
2820058100
2820058200
2820058300
2820065000
2820065500
2820066000
2820069000
2820070000
2820071000
2823700000
2823751000
2823752000
2823753000
2823754000
2823755000
2823756000
2823758000
2823758100
2823758200
2823759100
2823759200
2823764100
2823764200
2823764600
2823764800
2823765000
2823766000
2823766100
2823767000
2823768000
2823769000
2824500000
2824560100
2824560200
2824561100
2824561200
2824561300
2824561400
2824562100
2824562200
2824564000
2824571000
2824572000
2824573000
2826000000
2826051500
2826053000
2826053600
2826053700
2826053900
2826054200
2826054300
2826054400
2826055000
2826056000
2826056100
2826057500
2826058000
2826059000
2826060000
2826061000
2826068000
2826069000
2826070000
2826071000
2826072000
2826073000
2826074000
2871000000
2871025000
2871031000
2871032000
2871033000
2871034000
2871035000
2871036000
2871037000
2871038000
2871039000
2871040000
2871041000
2871042000
2872031000
2872033000
2872034000
2872035000
2872036000
2872037000
2872038000
2900000000
2911000000
2911052500
2911054500
2911056000
2911057000
2911059000
2911060000
2911062000
2911063000
2911065500
2911068500
2911071000
2911073000
2911074000
2914000000
2914057500
2914059000
2914065000
2914066000
2914073000
2914074000
2914074500
2914075100
2914075200
2914076000
2914077000
2914078000
2914079000
2914080000
2914082100
2914082400
2914083000
2914084000
2915500000
2915551000
2915552000
2915553000
2915553700
2915553800
2915554500
2915560500
2915563000
2915564000
2915567000
2915568000
2915569000
2915570000
2915570500
2915571000
2915572000
2915573000
2917000000
2917051000
2917053500
2917055500
2917057000
2917058000
2917059000
2917060100
2917060200
2917060300
2917061500
2917062000
2917063500
2917065000
2917065600
2917065700
2917066100
2917066200
2917066300
2917066600
2917066900
2917067300
2917067600
2917067700
2917068500
2917069500
2917069600
2917069700
2920000000
2920051500
2920052500
2920054000
2920055000
2920056500
2920058000
2920060000
2920061000
2920062000
2920062400
2920062600
2920063000
2920063500
2920063700
2920064000
2920065000
2920066000
2920067000
2920068000
2920069000
2920070000
3000000000
3011000000
3011051500
3011053000
3011054500
3011055100
3011055200
3011056000
3011058500
3011059000
3011062000
3011063000
3011064000
3011066500
3011067000
3011069500
3011072500
3011074000
3014000000
3014053500
3014055000
3014056000
3014057500
3014060500
3014063000
3014064000
3014065500
3014067000
3014068000
3014069000
3014070000
3014071000
3014072000
3014073000
3014074000
3017000000
3017051000
3017052000
3017053000
3017053500
3017054000
3017055000
3017055500
3017056000
3017057000
3017057500
3017058100
3017058200
3017058600
3017058700
3017058800
3017059000
3017059300
3017059600
3017059700
3017060000
3017063000
3017064000
3017065000
3017066000
3020000000
3020052000
3020052600
3020052700
3020053000
3020054000
3020054600
3020054700
3020054800
3020055000
3020057000
3020058000
3020060000
3020061000
3023000000
3023051000
3023052000
3023052500
3023053300
3023054300
3023054600
3023055000
3023056000
3023057000
3023058000
3023060000
3023061000
3100000000
3111000000
3111051000
3111052000
3111053000
3111055500
3111058500
3111059000
3111060000
3111061000
3111062000
3111063000
3111064000
3111065000
3114000000
3114051000
3114052000
3114053000
3114054000
3114055000
3114056000
3114057000
3114058500
3114059500
3114060000
3114062500
3114063500
3114064000
3114067000
3117000000
3117051000
3117052000
3117053000
3117054000
3117055000
3117056000
3117058000
3117059000
3117060000
3120000000
3120051000
3120052000
3120053000
3120054000
3120056000
3120057000
3120058000
3120059000
3171000000
3171025000
3171025300
3171025600
3171025900
3171026200
3171026500
3171031000
3171034000
3171036000
3171037000
3171038000
3171040000
3600000000
3600000000
3611000000
3611000000
3611025000
3611032000
3611033000
3611034000
3611035000
3611036000
3611037000
3611038000
3611039000
3611051000
3611051500
3611051800
3611052000
3611052300
3611052500
3611053000
3611054000
3611055000
3611055500
3611055600
3611056000
3611057000
3611058000
4100000000
4111000000
4111100000
4111156000
4111156600
4111157100
4111157200
4111157300
4111158000
4111159100
4111159700
4111159800
4111160000
4111300000
4111352000
4111353000
4111354000
4111355000
4111356000
4111365000
4111366200
4111366400
4111367000
4111368000
4111369000
4111370000
4111500000
4111565000
4111566000
4111567000
4111568000
4111569000
4111570000
4111571000
4111572000
4111573000
4111574000
4111700000
4111751000
4111752000
4111753000
4111754000
4111755000
4111757000
4111758000
4111758500
4111759300
4111759600
4111760000
4111761000
4113000000
4113100000
4113151000
4113152000
4113153000
4113154000
4113155000
4113156000
4113156100
4113157000
4113158000
4113159000
4113160000
4113161000
4113162000
4113162500
4113163000
4113164000
4113165000
4113300000
4113351000
4113352500
4113353000
4113354000
4113355000
4113356000
4113357000
4113358000
4113359000
4113366000
4113367000
4113500000
4113551000
4113552000
4113553000
4113554000
4113554500
4113555000
4113556000
4113557000
4113558000
4113559000
4113560000
4113561000
4113562000
4113563000
4113564000
4113565000
4113565500
4113565700
4113566200
4113566500
4113567000
4113568000
4115000000
4115051000
4115052000
4115054500
4115055500
4115056100
4115056700
4115056800
4115057300
4115057600
4115057800
4115058000
4115059500
4115061500
4115062000
4117000000
4117100000
4117151000
4117152000
4117153000
4117154000
4117155000
4117156000
4117157000
4117158000
4117158100
4117159000
4117160000
4117161100
4117162100
4117163000
4117300000
4117351000
4117352000
4117353000
4117354000
4117354600
4117355200
4117355900
4117356600
4117357000
4117357600
4117357800
4117358000
4117359000
4117360000
4117361000
4117362000
4117363000
4119000000
4119200000
4119251000
4119252000
4119253000
4119254000
4119255000
4119256000
4119257000
4119258000
4119259000
4119260000
4119261000
4119262000
4119264000
4119265000
4119266000
4119267000
4119268000
4119269000
4119270000
4119400000
4119451000
4119452000
4119453000
4119454000
4119455000
4119456000
4119457000
4119458000
4119459000
4119460000
4119600000
4119651000
4119652000
4119653000
4119654000
4119655000
4119656000
4119657000
4121000000
4121052000
4121054000
4121055000
4121056000
4121057000
4121058000
4121059000
4121060000
4121061000
4121063100
4121063200
4121063300
4121063400
4121064000
4121065000
4121065500
4121066000
4122000000
4122025000
4122025300
4122025600
4122025900
4122031000
4122032000
4122034000
4122037000
4122051000
4122052000
4122053500
4122055000
4122056000
4122057000
4122058000
4122059000
4122060000
4122061000
4122062000
4122063000
4122063500
4122065000
4122066000
4125000000
4125051000
4125052000
4125053500
4125055000
4125056500
4125056600
4125058000
4125060000
4127000000
4127100000
4127151000
4127151500
4127152500
4127153200
4127153700
4127154000
4127155000
4127156000
4127157000
4127158000
4127159000
4127160000
4127161000
4127300000
4127351000
4127352500
4127353200
4127353500
4127354500
4127355500
4127356500
4127357000
4127358000
4127359000
4127360000
4127361000
4128000000
4128100000
4128151000
4128152000
4128153000
4128154000
4128155000
4128156000
4128157600
4128157700
4128158000
4128159000
4128160000
4128161000
4128162100
4128162200
4128163000
4128164000
4128165000
4128165500
4128165600
4128166000
4128167000
4128500000
4128551000
4128552500
4128552600
4128553000
4128554000
4128555100
4128555200
4128556000
4128557000
4128558000
4128559000
4128560000
4128700000
4128751000
4128752000
4128753000
4128754500
4128754600
4128755000
4128756000
4128757000
4128758000
4128760000
4128761000
4129000000
4129051000
4129051500
4129052000
4129053000
4129054000
4129055000
4129056000
4131000000
4131051000
4131052000
4131053000
4131054100
4131054200
4131057000
4131058000
4131059000
4136000000
4136025000
4136025300
4136025600
4136025900
4136026200
4136026500
4136031000
4136034000
4136036000
4136051000
4136052000
4136053000
4136054000
4136054500
4136056500
4136057000
4137000000
4137051000
4137052300
4137052600
4137053000
4137054300
4137054600
4137055000
4137056000
4139000000
4139051000
4139052000
4139053100
4139054000
4139055000
4139057000
4139058100
4139058200
4139058900
4139059100
4139059200
4139059300
4139059400
4139059600
4139059700
4139062100
4139063000
4139063100
4139064000
4139065000
4141000000
4141051000
4141052000
4141054000
4141055000
4141056000
4141057000
4141058000
4141059000
4141060000
4141061000
4141062000
4141063000
4143000000
4143051000
4143052000
4143053000
4143054000
4143055000
4143056000
4145000000
4145051000
4145052000
4145053000
4145054000
4145055000
4145056000
4145058000
4145058200
4145058500
4145059000
4145060000
4145061000
4145062000
4145063000
4146000000
4146100000
4146125000
4146125300
4146125600
4146125900
4146134000
4146135000
4146136000
4146151000
4146152500
4146152600
4146153000
4146154000
4146300000
4146351000
4146351600
4146351700
4146352000
4146353000
4146353500
4146354000
4146355000
4146356000
4146357000
4146357500
4146357700
4146358600
4146359000
4146500000
4146551000
4146552000
4146553000
4146554000
4146555000
4146555500
4146556000
4146557000
4146558000
4146558500
4146559000
4148000000
4148025000
4148025300
4148025600
4148026200
4148031000
4148032000
4148035000
4148036000
4148037000
4148039000
4148051000
4148052000
4148053000
4148054000
4148055000
4148057000
4148058000
4148059000
4148060000
4150000000
4150025000
4150025300
4150031000
4150032000
4150033000
4150034000
4150035000
4150036000
4150037000
4150038000
4150051000
4150051500
4150052000
4150053000
4155000000
4155025000
4155031000
4155032000
4155033000
4155034000
4155035000
4155036000
4155038000
4155039000
4155040000
4155041000
4155042000
4155051000
4155052000
4155053000
4157000000
4157025000
4157025300
4157025600
4157034000
4157035000
4157036000
4157051500
4157052500
4157054000
4157055000
4157056000
4157057000
4157057500
4157058000
4159000000
4159025300
4159025600
4159025900
4159026200
4159031000
4159032000
4159033000
4159034000
4159035000
4159036000
4159037000
4159040000
4159041000
4159051500
4159052000
4159053000
4159054000
4159055000
4159056000
4159057000
4159058500
4159058600
4159058700
4159058800
4159059000
4159060000
4159061000
4159062000
4159063000
4161000000
4161025300
4161025900
4161033000
4161034000
4161035000
4161037000
4161051000
4161052000
4161054000
4161055000
4161056000
4161057000
4161058000
4161059000
4161060000
4161061000
4163000000
4163025000
4163031000
4163032000
4163033000
4163034000
4163051000
4163052000
4163053000
4163054000
4163055000
4163057000
4163058000
4165000000
4165025000
4165031000
4165032000
4165033000
4165034000
4165035000
4165036000
4165037000
4165038000
4165039000
4165040000
4165041000
4165051000
4165052000
4167000000
4167025000
4167031000
4167032000
4167033000
4167034500
4167035000
4167036000
4167037000
4167038000
4167051000
4167052000
4167053000
4180000000
4180025000
4180025300
4180031000
4180032000
4180033000
4180034000
4180035000
4180036000
4180037000
4180038000
4182000000
4182025000
4182031000
4182032500
4182033000
4182034500
4182035000
4183000000
4183025000
4183031000
4183032000
4183033000
4183034000
4183035000
4183036000
4183037000
4183038000
4183039500
4183040000
4183041000
4300000000
4311000000
4311100000
4311131000
4311132000
4311133000
4311134000
4311135000
4311152500
4311154500
4311162000
4311167000
4311168000
4311169000
4311172000
4311173000
4311200000
4311231000
4311232000
4311251000
4311252000
4311253000
4311254000
4311255000
4311256000
4311257000
4311258000
4311259000
4311300000
4311325000
4311331000
4311332000
4311370000
4311374100
4311374200
4311374700
4311375100
4311375600
4311376000
4311377000
4311400000
4311425000
4311425300
4311431000
4311451000
4311452000
4311453000
4311454000
4311455000
4313000000
4313025000
4313031000
4313032500
4313033500
4313035000
4313036000
4313037000
4313038500
4313039000
4313040000
4313041000
4313042000
4313043000
4313051500
4313053500
4313054000
4313055000
4313056000
4313057100
4313058000
4313060500
4313061000
4313062500
4313063000
4313064000
4315000000
4315025000
4315031000
4315032000
4315033000
4315034000
4315035000
4315036000
4315038000
4315051000
4315051800
4315052800
4315053700
4315054700
4315056000
4315057700
4315059000
4315060500
4372000000
4372025000
4372031500
4372032500
4372033000
4372034000
4372035000
4372036000
4372037000
4372038500
4372039000
4372040000
4373000000
4373025000
4373031000
4373032000
4373033000
4373034000
4373035000
4373036000
4373037000
4373038000
4374000000
4374025000
4374031000
4374032000
4374033500
4374034000
4374035000
4374036000
4374037000
4374038000
4374039000
4374040000
4374500000
4374525000
4374531000
4375000000
4375025000
4375025300
4375032000
4375033000
4375034000
4375035000
4375037000
4376000000
4376025000
4376031000
4376032000
4376033000
4376034000
4376035000
4376036000
4376037000
4376039000
4376040000
4376041000
4377000000
4377025000
4377025300
4377031000
4377032000
4377033000
4377034000
4377035000
4377036000
4377037000
4380000000
4380025000
4380025300
4380031000
4380032000
4380033000
4380034000
4380035000
4380036000
4400000000
4413000000
4413100000
4413125000
4413131000
4413132000
4413133000
4413134000
4413135000
4413136000
4413137000
4413151000
4413152000
4413153000
4413154000
4413155000
4413156000
4413157000
4413158000
4413159000
4413300000
4413325000
4413325300
4413325600
4413331000
4413351000
4413352000
4413353000
4413354000
4413355000
4413356000
4413356600
4413356700
4413358000
4413359000
4415000000
4415025000
4415031000
4415032000
4415033000
4415034000
4415036000
4415037000
4415038000
4415039000
4415040000
4415051000
4415054000
4415055000
4415056000
4415057000
4415059000
4418000000
4418025000
4418031000
4418032000
4418033000
4418034000
4418035000
4418036000
4418038000
4418039000
4418040000
4418041000
4418051500
4418052500
4418053500
4418054500
4418056500
4420000000
4420025000
4420025300
4420031000
4420033000
4420035000
4420036000
4420037000
4420038000
4420039000
4420040000
4420041000
4420057000
4420058000
4420059000
4420060000
4420061000
4420062000
4421000000
4421025000
4421031000
4421032000
4421033000
4421034000
4421036000
4421037000
4421038000
4421039000
4421040000
4421051000
4421052500
4421053500
4421054000
4421055000
4423000000
4423025000
4423025300
4423031000
4423032000
4423033000
4423034000
4423035000
4423036000
4423038000
4423039000
4423040000
4423041000
4423042000
4423052000
4425000000
4425031000
4425031500
4425033000
4425051000
4427000000
4427025000
4427025300
4427031000
4427032000
4427033000
4427034000
4427035000
4427036000
4427037000
4427038000
4427039000
4427051000
4427052000
4427053000
4471000000
4471025000
4471031000
4471032000
4471033000
4471034000
4471035000
4471036000
4471037000
4471038000
4471039000
4476000000
4476025000
4476031000
4476032000
4476033000
4476034000
4476035000
4476036000
4476037000
4476038000
4476039000
4476040000
4476041000
4476042000
4476043000
4476044000
4476045000
4477000000
4477025000
4477025300
4477031000
4477032000
4477033000
4477034000
4477035000
4477036000
4477037000
4477038000
4477039000
4477040000
4477041000
4479000000
4479025000
4479031000
4479032000
4479033000
4479034000
4479035000
4479036000
4479037000
4479038000
4479039000
4480000000
4480025000
4480025300
4480025600
4480032000
4480033000
4480034000
4480035000
4480036000
4480037000
4480038000
4480039000
4481000000
4481025000
4481025300
4481031000
4481032000
4481033000
4481034000
4481035000
4481036000
4481037000
4481038000
4481040000
4482500000
4482525000
4482525300
4482531000
4482532000
4482533000
4482534000
4482535000
4482536000
4600000000
4611000000
4611051000
4611052000
4611053500
4611054500
4611055400
4611055800
4611056500
4611059500
4611064000
4611064500
4611065500
4611066000
4611069500
4611070500
4611074500
4611075000
4611075600
4611075700
4611075800
4611078000
4611079000
4611080000
4611081000
4613000000
4613025000
4613031000
4613032000
4613033000
4613034000
4613035000
4613036000
4613051500
4613053500
4613057000
4613060000
4613062500
4613063500
4613065500
4613067000
4613068500
4613070000
4613071000
4613073000
4613074000
4613076500
4613078000
4613079000
4613080000
4613081000
4613082000
4613083000
4615000000
4615025000
4615031000
4615032000
4615033000
4615034000
4615035000
4615036000
4615037000
4615038000
4615039000
4615040000
4615051500
4615054000
4615055000
4615056000
4615057000
4615058000
4615059000
4615060000
4615061000
4615062000
4615063500
4615066100
4615066500
4617000000
4617025000
4617031000
4617032000
4617033000
4617034000
4617035000
4617036000
4617037000
4617038000
4617039000
4617040000
4617042000
4617043000
4617051000
4617052000
4617054000
4617055000
4617058000
4617060000
4617062000
4623000000
4623025000
4623031000
4623032000
4623033000
4623034000
4623035000
4623036000
4623051500
4623053000
4623054000
4623055000
4623057000
4671000000
4671025000
4671031000
4671032000
4671033500
4671034000
4671035000
4671036000
4671037000
4671038000
4671039000
4671040000
4671041000
4672000000
4672025000
4672031000
4672032000
4672033000
4672034000
4672035000
4672036000
4672037000
4672038000
4672039000
4672040000
4673000000
4673025000
4673031000
4673032000
4673033000
4673034000
4673035000
4673036000
4673037000
4677000000
4677025000
4677025300
4677031000
4677032000
4677033000
4677034000
4677035000
4677036000
4677037000
4677038000
4677039000
4677040000
4677041000
4677042000
4677044000
4677045000
4678000000
4678025000
4678025300
4678031000
4678032000
4678033000
4678034000
4678035000
4678036000
4678037000
4678038000
4678039000
4678040000
4679000000
4679025000
4679031000
4679032000
4679033000
4679034000
4679035000
4679036000
4679037000
4679038000
4679039500
4679040000
4679041500
4679042000
4680000000
4680025000
4680025300
4680025600
4680031000
4680032000
4680033000
4680034000
4680035000
4680036000
4680037000
4681000000
4681025000
4681031000
4681032000
4681033000
4681034000
4681035000
4681036000
4681037000
4681038000
4681039000
4681040000
4682000000
4682025000
4682031000
4682032000
4682033000
4682034000
4682035000
4682036000
4682037000
4682038000
4682039000
4682040000
4682041000
4682042000
4682043000
4683000000
4683025000
4683025300
4683031000
4683032000
4683033000
4683034000
4683035000
4683036000
4683037000
4683038000
4683039000
4684000000
4684025000
4684025300
4684025600
4684032000
4684033000
4684034000
4684035000
4684036000
4684037000
4686000000
4686025000
4686031000
4686032000
4686033000
4686034000
4686035000
4686036000
4686037000
4686038000
4687000000
4687025000
4687025300
4687025600
4687031000
4687032000
4687033000
4687034000
4687035000
4687036000
4687037000
4687038000
4688000000
4688025000
4688031000
4688032000
4688033000
4688034000
4688035000
4688036000
4688037000
4688038000
4688039000
4688040000
4689000000
4689025000
4689025300
4689025600
4689031000
4689032000
4689033000
4689034000
4689035000
4689036000
4689037000
4689038000
4689039000
4690000000
4690025000
4690031000
4690032000
4690033000
4690034000
4690035000
4690036000
4691000000
4691025000
4691025300
4691031000
4691032000
4691033000
4691034000
4691035000
4691036000
4691037000
4691038000
4691039000
4691040000
4691041000
4691042000
4711000000
4711100000
4711125000
4711125300
4711125600
4711131000
4711132000
4711133000
4711135000
4711152500
4711154500
4711155000
4711156000
4711157000
4711158000
4711159000
4711300000
4711325000
4711331000
4711332000
4711333000
4711334000
4711335000
4711336000
4711352000
4711363000
4711365500
4711366500
4711368000
4711369000
4711370000
4711371000
4713000000
4713025000
4713025300
4713025600
4713025900
4713031500
4713032000
4713033000
4713034000
4713035000
4713036000
4713037000
4713038000
4713051500
4713053000
4713055000
4713057000
4713059000
4713060500
4713061500
4713062100
4713063000
4713065000
4713066000
4715000000
4715025000
4715031000
4715032000
4715034000
4715035000
4715036000
4715037000
4715038000
4715039000
4715040000
4715041000
4715042000
4715043000
4715044000
4715045000
4715051600
4715053600
4715056500
4715057500
4715059500
4715061000
4715064000
4717000000
4717025000
4717031000
4717032000
4717033000
4717034000
4717035000
4717036000
4717037000
4717038000
4717039000
4717040000
4717041000
4717042000
4717043000
4717051000
4717052000
4717055500
4717058500
4717060000
4717062000
4717063000
4717065000
4717066000
4717069000
4719000000
4719025000
4719025300
4719025600
4719031000
4719032000
4719033000
4719034000
4719036000
4719051000
4719053500
4719055100
4719055500
4719056500
4719058200
4719058300
4719059000
4719060000
4719061000
4719063000
4719064500
4719066000
4719067000
4719068000
4719069000
4719070000
4721000000
4721025000
4721031000
4721032000
4721033000
4721034000
4721035000
4721036000
4721037000
4721038000
4721039000
4721051000
4721052500
4721055000
4721056000
4721059000
4721060000
4721061000
4721062000
4721063000
4723000000
4723025000
4723031000
4723032000
4723033000
4723034000
4723035000
4723036000
4723037000
4723038000
4723039000
4723040000
4723051000
4723052000
4723053500
4723054000
4723055500
4725000000
4725025000
4725031000
4725032500
4725033000
4725034000
4725035000
4725036000
4725037000
4725038000
4725039000
4725040000
4725041000
4725042000
4725043000
4725044000
4725045000
4725046000
4725047000
4725052000
4725053000
4725054000
4725055000
4725056000
4725057000
4728000000
4728025000
4728025300
4728031000
4728032000
4728033000
4728034000
4728035000
4728036000
4728037000
4728057000
4728058000
4728059000
4728060000
4728061000
4729000000
4729025000
4729025300
4729025600
4729031000
4729033000
4729034000
4729035000
4729037000
4729051000
4729052000
4729053000
4729054100
4729054200
4729055000
4729056000
4773000000
4773025000
4773031000
4773032000
4773033000
4773034000
4773035000
4773036000
4773037000
4773038000
4773039000
4773040000
4773041000
4773042000
4773043000
4773044000
4773045000
4773046000
4773047000
4775000000
4775025000
4775031500
4775032000
4775033000
4775034000
4775035000
4775036000
4775037000
4776000000
4776025000
4776031000
4776032000
4776033000
4776034000
4776035000
4777000000
4777025000
4777031000
4777032000
4777033000
4777034000
4777035000
4777036000
4777037000
4777038000
4782000000
4782025000
4782025300
4782031000
4782032000
4782033000
4782034000
4782035000
4782036000
4782037000
4783000000
4783025300
4783031000
4783032000
4783033000
4783034000
4783035000
4783036000
4783037000
4784000000
4784025000
4784031000
4784032000
4784033000
4784034000
4784035000
4784036000
4784037000
4784038000
4784039000
4785000000
4785025300
4785025600
4785031000
4785032000
4785033000
4785036000
4785037000
4790000000
4790025000
4790025300
4790031000
4790034000
4790035000
4790037000
4790038000
4790039000
4790040000
4790041000
4790042000
4790043000
4792000000
4792025000
4792031000
4792032000
4792033000
4792034000
4792035000
4792036000
4792037000
4792038000
4792039000
4793000000
4793025000
4793025300
4793031000
4793033000
4793035000
4793036000
4793037000
4793038000
4793039000
4793040000
4794000000
4794025000
4794031000
4794032000
4800000000
4812000000
4812100000
4812125000
4812131000
4812132000
4812151000
4812152000
4812153000
4812154000
4812300000
4812351000
4812351500
4812352000
4812353000
4812354000
4812355000
4812356000
4812357000
4812500000
4812531000
4812532000
4812533000
4812534000
4812551000
4812552000
4812553000
4812554000
4812556500
4812557000
4812558000
4812561000
4812563000
4812564000
4812565000
4812700000
4812725000
4812751000
4812752000
4812754500
4812755000
4812756000
4812757000
4812758000
4812759000
4812760000
4812761000
4812762000
4812900000
4812953000
4812954000
4812955000
4812956000
4812957000
4812958000
4812959000
4812960000
4812961000
4812962000
4812963000
4812964000
4812965000
4817000000
4817025000
4817031000
4817032000
4817033000
4817035000
4817036000
4817037000
4817038000
4817039000
4817040000
4817041000
4817042000
4817043000
4817044000
4817045000
4817046000
4817051500
4817055500
4817056500
4817059500
4817067300
4817067800
4817068000
4817069500
4817071000
4817071500
4817072000
4817073000
4817074000
4817075000
4822000000
4822025000
4822031000
4822033000
4822034000
4822035000
4822036000
4822037000
4822051000
4822053000
4822055000
4822059000
4822060000
4822066500
4822067000
4822070000
4824000000
4824025000
4824031000
4824032000
4824033000
4824034000
4824035000
4824036000
4824037000
4824051000
4824052000
4824053000
4824055000
4824057000
4824059500
4825000000
4825025000
4825032000
4825033000
4825034000
4825035000
4825036000
4825037000
4825051000
4825052000
4825053000
4825054000
4825055000
4825056500
4825058000
4825059000
4825060000
4825061000
4825062000
4825063000
4827000000
4827025000
4827025300
4827031000
4827032000
4827033000
4827034000
4827035000
4827036000
4827037000
4827038000
4827039000
4827051000
4827052000
4827053000
4827054000
4827055000
4831000000
4831031000
4831032000
4831033000
4831034000
4831035000
4831036000
4831037000
4831038000
4831039000
4831051000
4831053000
4831054000
4831055000
4831056000
4831057000
4831058000
4831059000
4831060000
4833000000
4833025300
4833031000
4833032000
4833033000
4833034000
4833051000
4833051500
4833052000
4833053000
4833054000
4833055000
4833056000
4833057000
4872000000
4872025000
4872031000
4872032000
4872033000
4872034000
4872035000
4872036000
4872037000
4872038000
4872039000
4872040000
4872041500
4872042000
4873000000
4873025000
4873025300
4873031000
4873032000
4873033000
4873034000
4873035000
4873036000
4873038000
4873039000
4874000000
4874025000
4874025300
4874031000
4874032000
4874033000
4874034000
4874035000
4874036000
4874037000
4874038000
4874039000
4874040000
4874041000
4874042000
4882000000
4882025000
4882031000
4882032000
4882033000
4882034000
4882035000
4882036000
4882037000
4882038000
4882039000
4882040000
4882041000
4882042000
4882043000
4884000000
4884025000
4884031000
4884032000
4884033000
4884034000
4884035000
4884036000
4884037000
4884038000
4884039000
4885000000
4885025000
4885031000
4885032000
4885033000
4885034000
4885035000
4885036000
4885037000
4885038000
4885039000
4885040000
4885041000
4885042000
4886000000
4886025000
4886031000
4886032000
4886033000
4886034000
4886035000
4886036000
4886037000
4886038000
4886039000
4886040000
4887000000
4887025000
4887031000
4887032000
4887033000
4887034000
4887035000
4887036000
4887037000
4887038000
4887039000
4887040000
4888000000
4888025000
4888031000
4888032000
4888033000
4888034000
4888035000
4888036000
4888037000
4888038000
4888039000
4888040000
4888041000
4889000000
4889025000
4889031000
4889032000
4889033000
4889034000
4889035000
4889036000
4889037000
4889038000
4889039000
4889040000
4889041000
4889042000
4889043000
4889044000
4889045000
4889046000
5000000000
5011000000
5011025000
5011025300
5011025600
5011025900
5011031000
5011032000
5011033000
5011051000
5011052000
5011053000
5011054000
5011055000
5011056000
5011057000
5011058000
5011059000
5011060000
5011061000
5011062000
5011063000
5011064000
5011065000
5011066000
5011067000
5011068000
5011069000
5013000000
5013025000
5013025300
5013025900
5013031000
5013032000
5013051000
5013052000
5013053000
5013054000
5013055000
5013056000
5013057000
5013058000
5013059000
5013060000
5013061000
5013062000
5100000000
5111000000
5111025000
5111031000
5111032000
5111033000
5111034000
5111035000
5111036000
5111038000
5111039000
5111040000
5111052000
5111053000
5111054500
5111057000
5111058000
5111060000
5111061000
5111061100
5111062000
5111063000
5111064000
5111065000
5111066000
5111067500
5111070500
5113000000
5113025000
5113031000
5113032000
5113033000
5113035000
5113036000
5113037000
5113039000
5113051500
5113052000
5113053000
5113054100
5113054200
5113055000
5113056000
5113057500
5113059000
5113060000
5113061000
5113062000
5113063500
5113065000
5113066000
5113067500
5115000000
5115025000
5115031000
5115032000
5115033000
5115034000
5115035000
5115036000
5115037000
5115051000
5115052000
5115054000
5115055000
5115056000
5115057100
5115057200
5115058000
5115059000
5115060000
5115061500
5115064500
5115066500
5117000000
5117051000
5117052000
5117053000
5117054000
5117055000
5117057000
5117059000
5117060000
5117063000
5117065000
5119000000
5119051500
5119052500
5119053500
5119054000
5119058500
5119059500
5119060500
5119061500
5121000000
5121051000
5121052000
5121054000
5121056000
5121057000
5121058000
5121059000
5121060000
5123000000
5123025000
5123025300
5123031000
5123032000
5123033000
5123034000
5123035000
5123036000
5123051000
5123053000
5123054000
5123057000
5172000000
5172025000
5172031000
5172032000
5172033000
5172034000
5172035200
5172036000
5172037000
5172038000
5172039000
5173000000
5173025000
5173031000
5173032000
5173033000
5173034000
5173035000
5173036000
5173037000
5173038000
5175000000
5175025000
5175025300
5175031200
5175032500
5175033000
5175034000
5175035500
5175036000
5175038000
5176000000
5176025000
5176031000
5176032000
5176033000
5176034000
5176035000
5176036000
5176038000
5177000000
5177025000
5177025300
5177025600
5177025900
5177032000
5177034000
5177035000
5177036000
5177037000
5178000000
5178025000
5178025300
5178025600
5178025900
5178031000
5178032000
5179000000
5179025000
5179031000
5179032000
5179033000
5179034000
5180000000
5180025000
5180031500
5180032000
5180033000
5180034000
5181000000
5181025000
5181031000
5181032000
5181033000
5181034000
5181035000
5182000000
5182025000
5182025300
5182031000
5182032000
5182033000
5183000000
5183025000
5183031000
5183032000
5183033000
5183034000
5183035000
5200000000
5211000000
5211100000
5211151000
5211153000
5211160500
5211163500
5211165000
5211166000
5211167100
5211167200
5211168000
5211169100
5211169200
5211170100
5211170200
5211170300
5211171100
5211171200
5211171300
5211171400
5211173000
5211300000
5211352500
5211354000
5211355000
5211356000
5211357000
5211358000
5211359000
5211360000
5211361100
5211361200
5211362000
5211364100
5211364200
5211365000
5211367000
5213000000
5213025000
5213031000
5213032000
5213033000
5213034000
5213035000
5213036000
5213037000
5213038000
5213040000
5213051500
5213053000
5213055000
5213056000
5213060500
5213064000
5213065000
5213066000
5213067000
5213068000
5213069000
5213070100
5213070200
5213070300
5213071000
5213072000
5214000000
5214025000
5214031000
5214032000
5214033000
5214034000
5214035000
5214036000
5214037000
5214038000
5214039000
5214040000
5214041000
5214042000
5214043000
5214052000
5214053000
5214056000
5214057000
5214058000
5214059500
5214061000
5214062000
5214064600
5214064700
5214065200
5214065600
5214067000
5214069000
5218000000
5218025000
5218031000
5218032000
5218033000
5218034000
5218035000
5218036000
5218037000
5218038000
5218039000
5218040000
5218041000
5218042000
5218043000
5218044000
5218051000
5218052000
5218053500
5218054500
5218056500
5218057000
5218058000
5218059500
5219000000
5219025000
5219031000
5219032000
5219033000
5219034000
5219035000
5219036000
5219037000
5219038000
5219039000
5219040000
5219041000
5219042000
5219045000
5219046000
5219047000
5219051000
5219052000
5219054000
5219055000
5219056000
5219057000
5219059000
5221000000
5221025000
5221032000
5221033000
5221034000
5221035000
5221036000
5221038000
5221039000
5221040000
5221041000
5221042000
5221043000
5221044000
5221045000
5221046000
5221051000
5221052000
5221054000
5221058000
5271000000
5271025000
5271025300
5271025600
5271032000
5271033000
5271034000
5271035000
5271036000
5271037000
5271038000
5271039000
5271040000
5271041000
5272000000
5272025000
5272031000
5272032000
5272033000
5272034000
5272035000
5272036000
5272037000
5272038000
5272039000
5272040000
5273000000
5273025000
5273031000
5273032000
5273033000
5273034000
5273035000
5274000000
5274025000
5274031000
5274032000
5274033500
5274034000
5274035000
5274036000
5275000000
5275025000
5275031000
5275032000
5275033000
5275034000
5275035500
5275036000
5275037000
5275038000
5275039000
5275040000
5275041000
5277000000
5277025000
5277031000
5277032000
5277033000
5277034000
5277035000
5277036000
5277037000
5277038000
5277039000
5277040000
5279000000
5279025000
5279031000
5279032000
5279033000
5279034000
5279035000
5279036000
5279037000
5279038000
5279039000
5279040000
5279041000
5279042000
5279043000
5280000000
5280025000
5280031000
5280032000
5280033000
5280034000
5280035000
5280036000
5280037000
5280038000
5280039000
5280040000
5280041000
5280042000
1168067500
1174069000
2823757000
2872000000
3014062000
3611031000
4119263000
4121051000
4121062000
4122033000
4122064000
4146357200
4148056000
4423051000
4481039000
4700000000
4785025000
5113038000
5178033000
5211366500
5213039000
5214044000
1174052600